Webots Project File version R2023b
perspectives: 000000ff00000000fd00000002000000010000037400000458fc0200000001fb0000001400540065007800740045006400690074006f0072010000001e000004580000009300ffffff0000000300000a000000014dfc0100000001fb0000001a0043006f006e0073006f006c00650041006c006c0041006c006c010000000000000a000000006900ffffff0000068a0000045800000001000000020000000100000008fc00000000
simulationViewPerspectives: 000000ff00000001000000020000016c0000051c0100000002010000000101
sceneTreePerspectives: 000000ff000000010000000300000026000000c0000000fa0100000002010000000201
maximizedDockId: -1
centralWidgetVisible: 1
orthographicViewHeight: 1
textFiles: 0 "controllers/SGBA_Controller/SGBA_Controller.c"
consoles: Console:All:All
renderingDevicePerspectives: 1:camera;1;0.895833;0;0
renderingDevicePerspectives: 2:camera;1;0.895833;0;0
